0 0.73671875 0.225 0.052083333333333336 0.1574074074074074
0 0.4635416666666667 0.6824074074074075 0.08697916666666666 0.18518518518518517
0 0.7252604166666666 0.8597222222222223 0.04479166666666667 0.09259259259259259
0 0.8734375 0.37407407407407406 0.07083333333333333 0.18611111111111112
0 0.8197916666666667 0.40185185185185185 0.06927083333333334 0.1638888888888889
0 0.7828125 0.8384259259259259 0.017708333333333333 0.046296296296296294
0 0.5005208333333333 0.10648148148148148 0.06666666666666667 0.10740740740740741
0 0.26848958333333334 0.3189814814814815 0.0421875 0.1175925925925926
0 0.40703125 0.2902777777777778 0.05625 0.1824074074074074
0 0.5192708333333333 0.2671296296296296 0.09322916666666667 0.175
0 0.6065104166666667 0.2513888888888889 0.0359375 0.15833333333333333
0 0.6484375 0.2601851851851852 0.024479166666666666 0.04537037037037037
0 0.6973958333333333 0.2490740740740741 0.03177083333333333 0.07592592592592592
0 0.73203125 0.2125 0.044270833333333336 0.14814814814814814
0 0.7856770833333333 0.22870370370370371 0.01875 0.09074074074074075
0 0.8067708333333333 0.21944444444444444 0.0234375 0.05740740740740741
0 0.88984375 0.1648148148148148 0.04114583333333333 0.16666666666666666
0 0.9182291666666667 0.3726851851851852 0.05 0.16203703703703703
0 0.8611979166666667 0.5847222222222223 0.033854166666666664 0.13703703703703704
0 0.8270833333333333 0.6 0.04583333333333333 0.1398148148148148
0 0.8869791666666667 0.5745370370370371 0.0515625 0.17592592592592593
0 0.9 0.7689814814814815 0.05 0.1037037037037037
0 0.43203125 0.8972222222222223 0.08385416666666666 0.14722222222222223
0 0.29635416666666664 0.9300925925925926 0.08645833333333333 0.1398148148148148
0 0.11197916666666667 0.9800925925925926 0.04375 0.03981481481481482
0 0.2708333333333333 0.7342592592592593 0.09791666666666667 0.20462962962962963
0 0.3419270833333333 0.7273148148148149 0.043229166666666666 0.13703703703703704