0 0.7559895833333333 0.2861111111111111 0.04088541666666667 0.14907407407407408
0 0.44947916666666665 0.6717592592592593 0.07447916666666667 0.16805555555555557
0 0.6947916666666667 0.9120370370370371 0.03854166666666667 0.08425925925925926
0 0.8796875 0.4675925925925926 0.0578125 0.17314814814814813
0 0.8244791666666667 0.48194444444444445 0.0578125 0.15138888888888888
0 0.7536458333333333 0.9050925925925926 0.014322916666666666 0.043055555555555555
0 0.53125 0.11064814814814815 0.06015625 0.09351851851851851
0 0.28489583333333335 0.26342592592592595 0.03359375 0.11064814814814815
0 0.42421875 0.26944444444444443 0.043229166666666666 0.17314814814814813
0 0.5372395833333333 0.2740740740740741 0.08177083333333333 0.15648148148148147
0 0.625 0.2800925925925926 0.023958333333333335 0.1537037037037037
0 0.6658854166666667 0.29907407407407405 0.021614583333333333 0.040740740740740744
0 0.7151041666666667 0.300462962962963 0.0265625 0.0699074074074074
0 0.75234375 0.2726851851851852 0.03359375 0.14166666666666666
0 0.8041666666666667 0.30185185185185187 0.011979166666666667 0.08888888888888889
0 0.82578125 0.29814814814814816 0.019270833333333334 0.05277777777777778
0 0.9122395833333333 0.26435185185185184 0.02890625 0.16111111111111112
0 0.92421875 0.4773148148148148 0.03854166666666667 0.1537037037037037
0 0.8510416666666667 0.6731481481481482 0.023958333333333335 0.13240740740740742
0 0.8161458333333333 0.6800925925925926 0.0359375 0.13240740740740742
0 0.87734375 0.6694444444444444 0.03854166666666667 0.16805555555555557
0 0.875 0.8652777777777778 0.043229166666666666 0.09351851851851851
0 0.4015625 0.8763888888888889 0.07447916666666667 0.12962962962962962
0 0.2643229166666667 0.8796296296296297 0.07682291666666667 0.12962962962962962
0 0.07682291666666667 0.9013888888888889 0.03854166666666667 0.07453703703703704
0 0.2546875 0.6754629629629629 0.08411458333333334 0.18518518518518517
0 0.32578125 0.6861111111111111 0.03359375 0.12962962962962962