0 0.7283854166666667 0.20324074074074075 0.05625 0.16018518518518518
0 0.46875 0.6856481481481481 0.09114583333333333 0.18981481481481483
0 0.7354166666666667 0.8384259259259259 0.046875 0.09537037037037037
0 0.8692708333333333 0.33935185185185185 0.07552083333333333 0.18981481481481483
0 0.8166666666666667 0.37222222222222223 0.07291666666666667 0.1685185185185185
0 0.7924479166666667 0.8115740740740741 0.01875 0.04722222222222222
0 0.48880208333333336 0.10740740740740741 0.06927083333333334 0.11203703703703703
0 0.2635416666666667 0.34074074074074073 0.04479166666666667 0.12037037037037036
0 0.40078125 0.29953703703703705 0.0609375 0.18425925925925926
0 0.5122395833333333 0.2657407407407407 0.096875 0.1814814814814815
0 0.59921875 0.24166666666666667 0.04010416666666667 0.15925925925925927
0 0.6411458333333333 0.2462962962962963 0.025520833333333333 0.04722222222222222
0 0.68984375 0.2310185185185185 0.03333333333333333 0.07777777777777778
0 0.7234375 0.1912037037037037 0.0484375 0.15
0 0.77734375 0.2023148148148148 0.021354166666666667 0.09166666666666666
0 0.7981770833333334 0.1912037037037037 0.024479166666666666 0.058333333333333334
0 0.8794270833333333 0.1287037037037037 0.04583333333333333 0.1675925925925926
0 0.9140625 0.3337962962962963 0.05416666666666667 0.1638888888888889
0 0.86328125 0.5509259259259259 0.0375 0.13796296296296295
0 0.8296875 0.5694444444444444 0.049479166666666664 0.1425925925925926
0 0.8885416666666667 0.538425925925926 0.05572916666666667 0.17777777777777778
0 0.9072916666666667 0.7314814814814815 0.05260416666666667 0.10648148148148148
0 0.44375 0.9027777777777778 0.08697916666666666 0.1527777777777778
0 0.309375 0.937962962962963 0.08958333333333333 0.12407407407407407
0 0.278125 0.7555555555555555 0.10260416666666666 0.2101851851851852
0 0.3489583333333333 0.7416666666666667 0.046875 0.1388888888888889